"Total Concentration"	"% Monomer"	"% 2-mer"	"% 4-mer"	"
1e-10	99.9855	0.0145841	6.34038e-13
1.05e-10	99.984	0.0153128	7.33933e-13
1.1025e-10	99.984	0.0160785	8.49619e-13
1.15762e-10	99.9825	0.0168819	9.8348e-13
1.21551e-10	99.9825	0.017726	1.1385e-12
1.27628e-10	99.9809	0.0186117	1.31788e-12
1.3401e-10	99.9805	0.0195421	1.52558e-12
1.4071e-10	99.9798	0.0205189	1.766e-12
1.47746e-10	99.9783	0.0215442	2.04424e-12
1.55133e-10	99.9775	0.0226211	2.36639e-12
1.62889e-10	99.976	0.0237514	2.73923e-12
1.71034e-10	99.9752	0.0249386	3.1709e-12
1.79586e-10	99.9737	0.0261848	3.67049e-12
1.88565e-10	99.9722	0.0274931	4.24879e-12
1.97993e-10	99.9714	0.0288674	4.91836e-12
2.07893e-10	99.9699	0.0303098	5.69327e-12
2.18287e-10	99.9683	0.0318243	6.59027e-12
2.29202e-10	99.9668	0.0334145	7.62859e-12
2.40662e-10	99.9653	0.0350842	8.83051e-12
2.52695e-10	99.963	0.0368367	1.02215e-11
2.6533e-10	99.9613	0.0386772	1.18318e-11
2.78596e-10	99.9594	0.0406095	1.36958e-11
2.92526e-10	99.9575	0.0426384	1.58534e-11
3.07152e-10	99.9552	0.0447682	1.83506e-11
3.2251e-10	99.9529	0.0470045	2.12411e-11
3.38635e-10	99.9506	0.0493525	2.4587e-11
3.55567e-10	99.9483	0.0518177	2.84599e-11
3.73346e-10	99.9456	0.0544057	3.29424e-11
3.92013e-10	99.943	0.0571229	3.81309e-11
4.11614e-10	99.9399	0.0599754	4.41359e-11
4.32194e-10	99.9369	0.0629703	5.10866e-11
4.53804e-10	99.9338	0.0661148	5.91319e-11
4.76494e-10	99.9308	0.0694163	6.84442e-11
5.00319e-10	99.9269	0.0728816	7.92206e-11
5.25335e-10	99.9234	0.0765202	9.16948e-11
5.51602e-10	99.9196	0.0803401	1.06132e-10
5.79182e-10	99.9156	0.0843503	1.22841e-10
6.08141e-10	99.9114	0.0885604	1.4218e-10
6.38548e-10	99.907	0.0929803	1.64563e-10
6.70475e-10	99.9024	0.0976203	1.90467e-10
7.03999e-10	99.8975	0.102491	2.20445e-10
7.39199e-10	99.8923	0.107605	2.5514e-10
7.76159e-10	99.887	0.112973	2.95294e-10
8.14967e-10	99.8815	0.118608	3.41764e-10
8.55715e-10	99.8755	0.124524	3.95541e-10
8.98501e-10	99.8693	0.130734	4.57772e-10
9.43426e-10	99.8628	0.137253	5.29791e-10
9.90597e-10	99.8559	0.144095	6.13131e-10
1.04013e-09	99.8487	0.151278	7.09569e-10
1.09213e-09	99.8412	0.158818	8.21169e-10
1.14674e-09	99.8333	0.166733	9.50304e-10
1.20408e-09	99.825	0.17504	1.09973e-09
1.26428e-09	99.8163	0.18376	1.27263e-09
1.32749e-09	99.8071	0.192913	1.47269e-09
1.39387e-09	99.7975	0.20252	1.70417e-09
1.46356e-09	99.7874	0.212602	1.97199e-09
1.53674e-09	99.7768	0.223185	2.28185e-09
1.61358e-09	99.7657	0.234292	2.64036e-09
1.69426e-09	99.7541	0.24595	3.05512e-09
1.77897e-09	99.7418	0.258184	3.53494e-09
1.86792e-09	99.729	0.271023	4.09003e-09
1.96131e-09	99.7155	0.284497	4.73215e-09
2.05938e-09	99.7014	0.298637	5.47496e-09
2.16235e-09	99.6865	0.313476	6.33417e-09
2.27047e-09	99.671	0.329047	7.32802e-09
2.38399e-09	99.6546	0.345386	8.47754e-09
2.50319e-09	99.6375	0.362531	9.80707e-09
2.62835e-09	99.6195	0.380519	1.13447e-08
2.75977e-09	99.6006	0.399394	1.3123e-08
2.89775e-09	99.5808	0.419197	1.51794e-08
3.04264e-09	99.56	0.439974	1.75574e-08
3.19477e-09	99.5382	0.46177	2.0307e-08
3.35451e-09	99.5154	0.484636	2.34864e-08
3.52224e-09	99.4914	0.508622	2.71622e-08
3.69835e-09	99.4662	0.533783	3.14118e-08
3.88327e-09	99.4398	0.560175	3.63246e-08
4.07743e-09	99.4121	0.587856	4.20034e-08
4.2813e-09	99.3831	0.616888	4.85674e-08
4.49537e-09	99.3527	0.647336	5.6154e-08
4.72014e-09	99.3207	0.679266	6.49218e-08
4.95614e-09	99.2873	0.712749	7.50538e-08
5.20395e-09	99.2521	0.747857	8.67613e-08
5.46415e-09	99.2153	0.784667	1.00288e-07
5.73736e-09	99.1767	0.82326	1.15915e-07
6.02422e-09	99.1363	0.863718	1.33968e-07
6.32544e-09	99.0939	0.906128	1.54819e-07
6.64171e-09	99.0494	0.950581	1.78901e-07
6.97379e-09	99.0028	0.997171	2.06711e-07
7.32248e-09	98.954	1.046	2.38822e-07
7.68861e-09	98.9028	1.09716	2.75896e-07
8.07304e-09	98.8492	1.15077	3.18692e-07
8.47669e-09	98.7931	1.20694	3.68088e-07
8.90052e-09	98.7342	1.26577	4.25093e-07
9.34555e-09	98.6726	1.3274	4.90871e-07
9.81283e-09	98.608	1.39195	5.66759e-07
1.03035e-08	98.5405	1.45955	6.54298e-07
1.08186e-08	98.4697	1.53032	7.55258e-07
1.13596e-08	98.3956	1.60442	8.71676e-07
1.19276e-08	98.318	1.68199	1.0059e-06
1.25239e-08	98.2368	1.76317	1.16061e-06
1.31501e-08	98.1519	1.84813	1.33891e-06
1.38076e-08	98.063	1.93702	1.54435e-06
1.4498e-08	97.97	2.03002	1.781e-06
1.52229e-08	97.8727	2.12729	2.05356e-06
1.59841e-08	97.771	2.22901	2.36738e-06
1.67833e-08	97.6646	2.33537	2.72863e-06
1.76224e-08	97.5534	2.44656	3.14437e-06
1.85035e-08	97.4372	2.56277	3.62269e-06
1.94287e-08	97.3158	2.68421	4.17285e-06
2.04002e-08	97.1889	2.81108	4.80546e-06
2.14202e-08	97.0564	2.94359	5.53264e-06
2.24912e-08	96.918	3.08196	6.36827e-06
2.36157e-08	96.7736	3.22642	7.32822e-06
2.47965e-08	96.6228	3.37719	8.43059e-06
2.60363e-08	96.4655	3.53451	9.69605e-06
2.73382e-08	96.3014	3.69862	1.11482e-05
2.87051e-08	96.1302	3.86976	1.28139e-05
3.01403e-08	95.9518	4.04818	1.47239e-05
3.16473e-08	95.7659	4.23413	1.6913e-05
3.32297e-08	95.5721	4.42787	1.9421e-05
3.48912e-08	95.3703	4.62965	2.2293e-05
3.66358e-08	95.1602	4.83974	2.55802e-05
3.84675e-08	94.9416	5.0584	2.93411e-05
4.03909e-08	94.7141	5.28589	3.36416e-05
4.24105e-08	94.4775	5.52249	3.85566e-05
4.4531e-08	94.2315	5.76846	4.41711e-05
4.67575e-08	93.9759	6.02407	5.0581e-05
4.90954e-08	93.7104	6.28958	5.78949e-05
5.15502e-08	93.4347	6.56526	6.62354e-05
5.41277e-08	93.1486	6.85137	7.57408e-05
5.68341e-08	92.8517	7.14816	8.65673e-05
5.96758e-08	92.544	7.4559	9.88905e-05
6.26596e-08	92.2251	7.77483	0.000112908
6.57926e-08	91.8947	8.10519	0.000128842
6.90822e-08	91.5526	8.44721	0.000146943
7.25363e-08	91.1987	8.80113	0.00016749
7.61631e-08	90.8327	9.16715	0.000190796
7.99713e-08	90.4543	9.54548	0.000217213
8.39698e-08	90.0634	9.93632	0.000247133
8.81683e-08	89.6599	10.3399	0.000280994
9.25767e-08	89.2435	10.7562	0.000319285
9.72056e-08	88.814	11.1856	0.000362549
1.02066e-07	88.3715	11.6281	0.000411392
1.07169e-07	87.9156	12.0839	0.000466488
1.12528e-07	87.4464	12.553	0.000528582
1.18154e-07	86.9638	13.0356	0.000598503
1.24062e-07	86.4677	13.5316	0.000677166
1.30265e-07	85.958	14.0412	0.000765584
1.36778e-07	85.4348	14.5644	0.000864877
1.43617e-07	84.898	15.101	0.000976278
1.50798e-07	84.3477	15.6512	0.00110115
1.58338e-07	83.784	16.2148	0.00124097
1.66255e-07	83.2068	16.7918	0.00139741
1.74567e-07	82.6164	17.382	0.00157224
1.83296e-07	82.0128	17.9854	0.00176746
1.9246e-07	81.3962	18.6018	0.00198522
2.02083e-07	80.7668	19.231	0.00222787
2.12188e-07	80.1247	19.8728	0.002498
2.22797e-07	79.4703	20.5269	0.00279842
2.33937e-07	78.8037	21.1932	0.00313219
2.45634e-07	78.1252	21.8713	0.00350263
2.57915e-07	77.4351	22.561	0.00391336
2.70811e-07	76.7338	23.2619	0.00436829
2.84352e-07	76.0215	23.9736	0.00487169
2.98569e-07	75.2987	24.6959	0.00542814
3.13498e-07	74.5656	25.4283	0.00604262
3.29173e-07	73.8229	26.1704	0.00672049
3.45631e-07	73.0707	26.9218	0.00746756
3.62913e-07	72.3096	27.6821	0.00829005
3.81058e-07	71.54	28.4508	0.00919469
4.00111e-07	70.7624	29.2275	0.0101887
4.20117e-07	69.9772	30.0115	0.0112798
4.41123e-07	69.1849	30.8026	0.0124764
4.63179e-07	68.3861	31.6002	0.0137874
4.86338e-07	67.5811	32.4037	0.0152224
5.10655e-07	66.7706	33.2126	0.0167915
5.36187e-07	65.955	34.0265	0.0185058
5.62997e-07	65.1348	34.8448	0.0203769
5.91147e-07	64.3106	35.667	0.0224173
6.20704e-07	63.4829	36.4925	0.0246404
6.51739e-07	62.6521	37.3208	0.0270602
6.84326e-07	61.8189	38.1514	0.0296921
7.18542e-07	60.9836	38.9838	0.032552
7.5447e-07	60.1469	39.8175	0.035657
7.92193e-07	59.3092	40.6518	0.0390254
8.31803e-07	58.4709	41.4864	0.0426764
8.73393e-07	57.6327	42.3207	0.0466306
9.17062e-07	56.7949	43.1542	0.0509097
9.62916e-07	55.958	43.9864	0.0555369
1.01106e-06	55.1226	44.8169	0.0605365
1.06161e-06	54.2889	45.6452	0.0659344
1.1147e-06	53.4575	46.4707	0.0717581
1.17043e-06	52.6288	47.2931	0.0780365
1.22895e-06	51.8032	48.112	0.0848003
1.2904e-06	50.9811	48.9269	0.0920819
1.35492e-06	50.1628	49.7373	0.0999156
1.42266e-06	49.3487	50.5429	0.108338
1.4938e-06	48.5393	51.3433	0.117386
1.56849e-06	47.7347	52.1382	0.127101
1.64691e-06	46.9354	52.927	0.137525
1.72926e-06	46.1417	53.7096	0.148703
1.81572e-06	45.3538	54.4856	0.160682
1.90651e-06	44.572	55.2545	0.173512
2.00183e-06	43.7966	56.0162	0.187245
2.10192e-06	43.0278	56.7703	0.201936
2.20702e-06	42.2659	57.5165	0.217644
2.31737e-06	41.5111	58.2545	0.234428
2.43324e-06	40.7636	58.9841	0.252354
2.5549e-06	40.0235	59.705	0.271488
2.68265e-06	39.2912	60.4169	0.291902
2.81678e-06	38.5666	61.1197	0.313669
2.95762e-06	37.85	61.8131	0.336867
3.1055e-06	37.1416	62.4968	0.361579
3.26077e-06	36.4414	63.1707	0.38789
3.42381e-06	35.7495	63.8346	0.415889
3.595e-06	35.0661	64.4882	0.445672
3.77475e-06	34.3913	65.1314	0.477337
3.96349e-06	33.725	65.764	0.510987
4.16167e-06	33.0675	66.3858	0.54673
4.36975e-06	32.4187	66.9966	0.58468
4.58824e-06	31.7787	67.5964	0.624954
4.81765e-06	31.1475	68.1848	0.667677
5.05853e-06	30.5252	68.7618	0.712976
5.31146e-06	29.9118	69.3272	0.760987
5.57703e-06	29.3072	69.8809	0.81185
5.85588e-06	28.7116	70.4227	0.865712
6.14868e-06	28.1248	70.9524	0.922724
6.45611e-06	27.547	71.47	0.983047
6.77891e-06	26.9779	71.9752	1.04684
7.11786e-06	26.4177	72.468	1.11429
7.47375e-06	25.8663	72.9481	1.18556
7.84744e-06	25.3237	73.4155	1.26084
8.23981e-06	24.7898	73.8699	1.34032
8.6518e-06	24.2645	74.3113	1.4242
9.08439e-06	23.7478	74.7395	1.5127
9.53861e-06	23.2397	75.1542	1.60601
1.00155e-05	22.7401	75.5555	1.70437
1.05163e-05	22.2489	75.9431	1.80799
1.10421e-05	21.7661	76.3168	1.91712
1.15942e-05	21.2915	76.6765	2.03199
1.2174e-05	20.8252	77.022	2.15286
1.27827e-05	20.3669	77.3531	2.27999
1.34218e-05	19.9167	77.6697	2.41362
1.40929e-05	19.4745	77.9715	2.55404
1.47975e-05	19.0401	78.2584	2.70151
1.55374e-05	18.6134	78.5302	2.85633
1.63143e-05	18.1945	78.7867	3.01877
1.713e-05	17.7831	79.0277	3.18913
1.79865e-05	17.3793	79.253	3.3677
1.88858e-05	16.9828	79.4624	3.55479
1.98301e-05	16.5937	79.6556	3.75071
2.08216e-05	16.2118	79.8325	3.95575
2.18627e-05	15.8369	79.9928	4.17024
2.29558e-05	15.4691	80.1364	4.39449
2.41036e-05	15.1082	80.263	4.6288
2.53088e-05	14.7542	80.3723	4.87349
2.65742e-05	14.4068	80.4643	5.12888
2.79029e-05	14.0661	80.5386	5.39528
2.92981e-05	13.7319	80.5951	5.67299
3.0763e-05	13.4042	80.6335	5.96232
3.23011e-05	13.0828	80.6536	6.26357
3.39162e-05	12.7676	80.6553	6.57702
3.5612e-05	12.4586	80.6384	6.90297
3.73926e-05	12.1557	80.6026	7.24169
3.92622e-05	11.8587	80.5479	7.59345
4.12253e-05	11.5676	80.4739	7.95849
4.32866e-05	11.2823	80.3807	8.33706
4.54509e-05	11.0026	80.268	8.72938
4.77235e-05	10.7286	80.1357	9.13566
5.01097e-05	10.4601	79.9838	9.5561
5.26151e-05	10.1971	79.812	9.99087
5.52459e-05	9.93939	79.6205	10.4401
5.80082e-05	9.68696	79.4091	10.904
6.09086e-05	9.43973	79.1777	11.3826
6.3954e-05	9.1976	78.9264	11.876
6.71517e-05	8.96051	78.6553	12.3842
7.05093e-05	8.72837	78.3642	12.9074
7.40348e-05	8.5011	78.0534	13.4455
7.77365e-05	8.27864	77.7229	13.9984
8.16234e-05	8.06091	77.3728	14.5662
8.57045e-05	7.84784	77.0033	15.1488
8.99897e-05	7.63935	76.6146	15.7461
9.44892e-05	7.43538	76.2068	16.3578
9.92137e-05	7.23585	75.7802	16.984
0.000104174	7.04069	75.335	17.6243
0.000109383	6.84985	74.8716	18.2785
0.000114852	6.66324	74.3903	18.9465
0.000120595	6.48082	73.8914	19.6278
0.000126625	6.3025	73.3752	20.3223
0.000132956	6.12823	72.8422	21.0295
0.000139604	5.95795	72.2929	21.7492
0.000146584	5.79158	71.7275	22.4809
0.000153913	5.62907	71.1467	23.2242
0.000161609	5.47036	70.5509	23.9787
0.000169689	5.31539	69.9407	24.744
0.000178174	5.16409	69.3164	25.5195
0.000187082	5.0164	68.6788	26.3048
0.000196436	4.87227	68.0284	27.0993
0.000206258	4.73163	67.3657	27.9026
0.000216571	4.59443	66.6914	28.7142
0.0002274	4.46061	66.006	29.5334
0.00023877	4.3301	65.3102	30.3597
0.000250708	4.20286	64.6046	31.1926
0.000263243	4.07882	63.8898	32.0314
0.000276406	3.95792	63.1664	32.8757
0.000290226	3.84011	62.4351	33.7248
0.000304737	3.72533	61.6965	34.5782
0.000319974	3.61352	60.9512	35.4353
0.000335973	3.50464	60.1999	36.2954
0.000352771	3.39861	59.4432	37.1582
0.00037041	3.29539	58.6818	38.0229
0.000388931	3.19493	57.9161	38.889
0.000408377	3.09715	57.1469	39.756
0.000428796	3.00202	56.3747	40.6233
0.000450236	2.90948	55.6001	41.4904
0.000472747	2.81947	54.8238	42.3568
0.000496385	2.73194	54.0462	43.2219
0.000521204	2.64683	53.2679	44.0853
0.000547264	2.5641	52.4894	44.9465
0.000574627	2.48369	51.7113	45.805
0.000603359	2.40555	50.9341	46.6604
0.000633527	2.32962	50.1582	47.5122
0.000665203	2.25587	49.3842	48.36
0.000698463	2.18423	48.6124	49.2033
0.000733386	2.11467	47.8434	50.0419
0.000770056	2.04712	47.0776	50.8753
0.000808559	1.98154	46.3153	51.7031
0.000848987	1.91789	45.557	52.5251
0.000891436	1.85612	44.803	53.3409
0.000936008	1.79617	44.0537	54.1501
0.000982808	1.73802	43.3094	54.9526
0.00103195	1.6816	42.5704	55.748
0.00108355	1.62688	41.8371	56.5361
0.00113772	1.5738	41.1097	57.3165
0.00119461	1.52234	40.3884	58.0892
0.00125434	1.47245	39.6736	58.8539
0.00131706	1.42408	38.9655	59.6104
0.00138291	1.3772	38.2643	60.3585
0.00145206	1.33177	37.5702	61.098
0.00152466	1.28774	36.8834	61.8288
0.00160089	1.24507	36.2041	62.5508
0.00168094	1.20374	35.5324	63.2639
0.00176498	1.16371	34.8685	63.9678
0.00185323	1.12493	34.2124	64.6626
0.00194589	1.08737	33.5644	65.3482
0.00204319	1.051	32.9246	66.0244
0.00214535	1.01579	32.293	66.6913
0.00225261	0.981692	31.6696	67.3487
0.00236524	0.948687	31.0547	67.9966
0.00248351	0.916739	30.4482	68.635
0.00260768	0.885817	29.8503	69.2639
0.00273807	0.855891	29.2608	69.8833
0.00287497	0.826932	28.68	70.4931
0.00301872	0.798911	28.1077	71.0934
0.00316965	0.771801	27.544	71.6842
0.00332814	0.745573	26.989	72.2654
0.00349454	0.720201	26.4426	72.8372
0.00366927	0.69566	25.9047	73.3996
0.00385273	0.671924	25.3755	73.9526
0.00404537	0.648968	24.8548	74.4962
0.00424764	0.626768	24.3426	75.0306
0.00446002	0.605302	23.839	75.5557
0.00468302	0.584547	23.3437	76.0717
0.00491717	0.56448	22.8569	76.5786
0.00516303	0.54508	22.3785	77.0764
0.00542118	0.526326	21.9083	77.5654
0.00569224	0.508198	21.4464	78.0454
0.00597686	0.490675	20.9926	78.5167
0.0062757	0.47374	20.547	78.9793
0.00658948	0.457373	20.1093	79.4333
0.00691896	0.441556	19.6797	79.8788
0.00726491	0.426271	19.2579	80.3159
0.00762815	0.411502	18.8438	80.7447
0.00800956	0.397232	18.4375	81.1652
0.00841004	0.383445	18.0389	81.5777
0.00883054	0.370124	17.6477	81.9822
0.00927206	0.357256	17.264	82.3787
0.00973567	0.344825	16.8876	82.7675
0.0102225	0.332817	16.5186	83.1486
0.0107336	0.321218	16.1566	83.5222
0.0112703	0.310015	15.8018	83.8882
0.0118338	0.299195	15.4539	84.2469
0.0124255	0.288745	15.1129	84.5984
0.0130467	0.278653	14.7786	84.9427
0.0136991	0.268907	14.4511	85.28
0.014384	0.259495	14.1301	85.6104
0.0151032	0.250408	13.8156	85.934
0.0158584	0.241632	13.5075	86.2509
0.0166513	0.233159	13.2056	86.5612
0.0174839	0.224979	12.91	86.865
0.0183581	0.21708	12.6204	87.1625
0.019276	0.209455	12.3368	87.4537
0.0202398	0.202093	12.0591	87.7388
0.0212517	0.194987	11.7872	88.0178
0.0223143	0.188126	11.5209	88.2909
0.02343	0.181504	11.2603	88.5582
0.0246015	0.175111	11.0051	88.8197
0.0258316	0.168941	10.7554	89.0757
0.0271232	0.162985	10.5109	89.3261
0.0284794	0.157236	10.2717	89.5711
0.0299033	0.151688	10.0375	89.8108
0.0313985	0.146333	9.8084	90.0453
0.0329684	0.141165	9.5842	90.2746
0.0346168	0.136177	9.36484	90.499
0.0363477	0.131363	9.15022	90.7184
0.0381651	0.126718	8.94025	90.933
0.0400733	0.122236	8.73486	91.1429
0.042077	0.11791	8.53394	91.3482
0.0441808	0.113735	8.33742	91.5488
0.0463899	0.109708	8.1452	91.7451
0.0487094	0.105821	7.95721	91.937
0.0511449	0.102071	7.77336	92.1246
0.0537021	0.098452	7.59357	92.308
0.0563872	0.0949606	7.41776	92.4873
0.0592066	0.0915919	7.24585	92.6626
0.0621669	0.0883417	7.07776	92.8339
0.0652752	0.0852058	6.91341	93.0014
0.068539	0.0821804	6.75274	93.1651
0.0719659	0.0792616	6.59565	93.3251
0.0755642	0.0764456	6.44209	93.4815
0.0793425	0.0737289	6.29197	93.6343
0.0833096	0.0711081	6.14523	93.7837
0.0874751	0.0685797	6.0018	93.9296
0.0918488	0.0661407	5.8616	94.0723
0.0964412	0.0637878	5.72457	94.2116
0.101263	0.061518	5.59065	94.3478
0.106326	0.0593285	5.45976	94.4809
0.111643	0.0572164	5.33184	94.6109
0.117225	0.0551791	5.20684	94.738
0.123086	0.0532138	5.08468	94.8621
0.12924	0.0513182	4.96531	94.9834
0.135703	0.0494897	4.84867	95.1018
0.142488	0.047726	4.7347	95.2176
0.149612	0.0460248	4.62333	95.3306
0.157093	0.0443839	4.51452	95.4411
0.164947	0.0428012	4.40821	95.549
0.173195	0.0412747	4.30435	95.6544
0.181854	0.0398023	4.20287	95.7573
0.190947	0.0383823	4.10374	95.8579
0.200494	0.0370126	4.00689	95.9561
0.210519	0.0356916	3.91228	96.052
0.221045	0.0344176	3.81985	96.1457
0.232097	0.0331888	3.72957	96.2372
0.243702	0.0320037	3.64138	96.3266
0.255887	0.0308608	3.55523	96.4139
0.268682	0.0297585	3.47108	96.4992
0.282116	0.0286954	3.38889	96.5824
0.296222	0.0276702	3.30861	96.6637
0.311033	0.0266814	3.2302	96.7431
0.326584	0.0257279	3.15361	96.8207
0.342913	0.0248083	3.07881	96.8964
0.360059	0.0239215	3.00576	96.9703
0.378062	0.0230662	2.93441	97.0425
0.396965	0.0222415	2.86474	97.113
0.416814	0.0214461	2.79669	97.1819
0.437654	0.0206791	2.73023	97.2491
0.459537	0.0199394	2.66533	97.3147
0.482514	0.0192261	2.60195	97.3788
0.506639	0.0185383	2.54006	97.4414
0.531971	0.017875	2.47962	97.5025
0.55857	0.0172354	2.42061	97.5622
0.586498	0.0166186	2.36297	97.6204
0.615823	0.0160238	2.3067	97.6773
0.646615	0.0154502	2.25175	97.7328
0.678945	0.0148971	2.19809	97.787
0.712893	0.0143638	2.1457	97.8399
0.748537	0.0138495	2.09454	97.8916
0.785964	0.0133536	2.04459	97.9421
0.825262	0.0128754	1.99581	97.9913
0.866525	0.0124143	1.94819	98.0394
0.909852	0.0119697	1.9017	98.0863
0.955344	0.0115409	1.8563	98.1322
1.00311	0.0111275	1.81197	98.1769
1.05327	0.0107289	1.7687	98.2206
1.10593	0.0103445	1.72645	98.2632
1.16123	0.00997388	1.6852	98.3048
1.21929	0.0096165	1.64492	98.3455
1.28025	0.0092719	1.60561	98.3851
1.34427	0.00893963	1.56722	98.4238
1.41148	0.00861925	1.52974	98.4616
1.48205	0.00831033	1.49316	98.4985
1.55616	0.00801246	1.45744	98.5346
1.63396	0.00772525	1.42257	98.5697
1.71566	0.00744832	1.38852	98.604
1.80144	0.0071813	1.35529	98.6375
1.89152	0.00692384	1.32285	98.6702
1.98609	0.0066756	1.29118	98.7021
2.0854	0.00643625	1.26026	98.7333
2.18967	0.00620546	1.23008	98.7637
2.29915	0.00598294	1.20061	98.7934
2.41411	0.00576839	1.17185	98.8224
2.53481	0.00556152	1.14377	98.8507
2.66155	0.00536207	1.11636	98.8783
2.79463	0.00516975	1.08961	98.9052
2.93436	0.00498433	1.06349	98.9315
3.08108	0.00480555	1.03799	98.9572
3.23513	0.00463317	1.01311	98.9823
3.39689	0.00446697	0.988812	99.0067
3.56674	0.00430673	0.965098	99.0306
3.74507	0.00415223	0.94195	99.0539
3.93233	0.00400326	0.919354	99.0766
4.12894	0.00385964	0.897299	99.0988
4.33539	0.00372116	0.875769	99.1205
4.55216	0.00358764	0.854755	99.1417
4.77977	0.00345891	0.834242	99.1623
5.01876	0.0033348	0.814219	99.1824
5.26969	0.00321514	0.794676	99.2021
5.53318	0.00309976	0.775599	99.2213
5.80984	0.00298853	0.756979	99.24
6.10033	0.00288128	0.738803	99.2583
6.40534	0.00277787	0.721063	99.2762
6.72561	0.00267818	0.703747	99.2936
7.06189	0.00258206	0.686846	99.3106
7.41499	0.00248939	0.670349	99.3272
7.78574	0.00240004	0.654247	99.3434
8.17502	0.00231389	0.63853	99.3592
8.58377	0.00223084	0.62319	99.3746
9.01296	0.00215076	0.608217	99.3896
9.46361	0.00207356	0.593603	99.4043
9.93679	0.00199913	0.579339	99.4187
10.4336	0.00192736	0.565417	99.4327
10.9553	0.00185818	0.551828	99.4463
11.5031	0.00179147	0.538565	99.4596
12.0782	0.00172716	0.52562	99.4727
12.6821	0.00166515	0.512986	99.4853
13.3163	0.00160537	0.500654	99.4977
13.9821	0.00154773	0.488618	99.5098
14.6812	0.00149217	0.476871	99.5216
15.4152	0.00143859	0.465405	99.5332
16.186	0.00138694	0.454214	99.5444
16.9953	0.00133714	0.443292	99.5554
17.8451	0.00128913	0.432632	99.5661
18.7373	0.00124285	0.422228	99.5765
19.6742	0.00119822	0.412073	99.5867
20.6579	0.00115519	0.402163	99.5967
21.6908	0.00111371	0.39249	99.6064
22.7753	0.00107372	0.383049	99.6159
23.9141	0.00103517	0.373835	99.6251
25.1098	0.000997995	0.364842	99.6342
26.3653	0.000962157	0.356065	99.643
27.6835	0.000927605	0.347499	99.6516
29.0677	0.000894294	0.339138	99.66
30.5211	0.000862179	0.330979	99.6682
32.0471	0.000831216	0.323015	99.6762
33.6495	0.000801365	0.315243	99.684
35.332	0.000772586	0.307657	99.6916
37.0986	0.00074484	0.300254	99.699
38.9535	0.00071809	0.293029	99.7063
40.9012	0.000692301	0.285977	99.7133
42.9462	0.000667437	0.279094	99.7202
45.0936	0.000643466	0.272377	99.727
47.3482	0.000620356	0.265822	99.7336
49.7156	0.000598075	0.259424	99.74
52.2014	0.000576595	0.25318	99.7462
54.8115	0.000555885	0.247086	99.7524
